{
    "_versionMajor": 0,
    "_versionMinor": 2,
    "boundsCenter": {
        "x": 0,
        "y": 0,
        "z": 1.27735829353333
    },
    "boundsSize": {
        "x": 3.92077589035034,
        "y": 2.20723176002502,
        "z": 1.19087076187134
    },
    "crop": {
        "w": 0.705837607383728,
        "x": 0.401840418577194,
        "y": 0.129484564065933,
        "z": 0.388997465372086
    },
    "depthFocalLength": {
        "x": 1834.21032714844,
        "y": 1832.71838378906
    },
    "depthImageSize": {
        "x": 3840.0,
        "y": 2160.0
    },
    "depthPrincipalPoint": {
        "x": 1938.486328125,
        "y": 1096.79028320313
    },
    "extrinsics": {
        "e00": 1,
        "e01": 0,
        "e02": 0,
        "e03": 0,
        "e10": 0,
        "e11": 1,
        "e12": 0,
        "e13": 0,
        "e20": 0,
        "e21": 0,
        "e22": 1,
        "e23": 0,
        "e30": 0,
        "e31": 0,
        "e32": 0,
        "e33": 1
    },
    "farClip": 1.87279367446899,
    "format": "perpixel",
    "nearClip": 0.681922972202301,
    "numAngles": 1,
    "textureHeight": 4096,
    "textureWidth": 2048
}
