{
    "_versionMajor": 0,
    "_versionMinor": 2,
    "boundsCenter": {
        "x": 0,
        "y": 0,
        "z": 1.34475982189178
    },
    "boundsSize": {
        "x": 4.34746408462524,
        "y": 2.45734572410583,
        "z": 1.38273453712463
    },
    "crop": {
        "w": 0.69675076007843,
        "x": 0.393992513418198,
        "y": 0.154124617576599,
        "z": 0.385486572980881
    },
    "depthFocalLength": {
        "x": 1798.45727539063,
        "y": 1789.75012207031
    },
    "depthImageSize": {
        "x": 3840.0,
        "y": 2160.0
    },
    "depthPrincipalPoint": {
        "x": 1928.01025390625,
        "y": 1144.05432128906
    },
    "extrinsics": {
        "e00": 1,
        "e01": 0,
        "e02": 0,
        "e03": 0,
        "e10": 0,
        "e11": 1,
        "e12": 0,
        "e13": 0,
        "e20": 0,
        "e21": 0,
        "e22": 1,
        "e23": 0,
        "e30": 0,
        "e31": 0,
        "e32": 0,
        "e33": 1
    },
    "farClip": 2.0361270904541,
    "format": "perpixel",
    "nearClip": 0.653392553329468,
    "numAngles": 1,
    "textureHeight": 4096,
    "textureWidth": 2048
}
