{
    "_versionMajor": 0,
    "_versionMinor": 2,
    "boundsCenter": {
        "x": 0,
        "y": 0,
        "z": 1.33542656898499
    },
    "boundsSize": {
        "x": 4.33838176727295,
        "y": 2.43671083450317,
        "z": 1.29991459846497
    },
    "crop": {
        "w": 0.765549123287201,
        "x": 0.314068228006363,
        "y": 0.11114501953125,
        "z": 0.435107082128525
    },
    "depthFocalLength": {
        "x": 1757.30822753906,
        "y": 1759.92541503906
    },
    "depthImageSize": {
        "x": 3840.0,
        "y": 2160.0
    },
    "depthPrincipalPoint": {
        "x": 1975.14465332031,
        "y": 1052.361328125
    },
    "extrinsics": {
        "e00": 1,
        "e01": 0,
        "e02": 0,
        "e03": 0,
        "e10": 0,
        "e11": 1,
        "e12": 0,
        "e13": 0,
        "e20": 0,
        "e21": 0,
        "e22": 1,
        "e23": 0,
        "e30": 0,
        "e31": 0,
        "e32": 0,
        "e33": 1
    },
    "farClip": 1.98538386821747,
    "format": "perpixel",
    "nearClip": 0.685469210147858,
    "numAngles": 1,
    "textureHeight": 4096,
    "textureWidth": 2048
}
