{
    "_versionMajor": 0,
    "_versionMinor": 2,
    "boundsCenter": {
        "x": 0,
        "y": 0,
        "z": 1.33669674396515
    },
    "boundsSize": {
        "x": 4.36530733108521,
        "y": 2.45183372497559,
        "z": 1.32201814651489
    },
    "crop": {
        "w": 0.765288293361664,
        "x": 0.31413596868515,
        "y": 0.110661737620831,
        "z": 0.4349285364151
    },
    "depthFocalLength": {
        "x": 1757.30822753906,
        "y": 1759.92541503906
    },
    "depthImageSize": {
        "x": 3840.0,
        "y": 2160.0
    },
    "depthPrincipalPoint": {
        "x": 1975.14465332031,
        "y": 1052.361328125
    },
    "extrinsics": {
        "e00": 1,
        "e01": 0,
        "e02": 0,
        "e03": 0,
        "e10": 0,
        "e11": 1,
        "e12": 0,
        "e13": 0,
        "e20": 0,
        "e21": 0,
        "e22": 1,
        "e23": 0,
        "e30": 0,
        "e31": 0,
        "e32": 0,
        "e33": 1
    },
    "farClip": 1.9977058172226,
    "format": "perpixel",
    "nearClip": 0.675687670707703,
    "numAngles": 1,
    "textureHeight": 4096,
    "textureWidth": 2048
}
